2.50000000e+01 1.3276175203769395e+02 1.2636485501216193e+02 1.3577990279243878e+02 1.3078473065208183e+02 1.3473877342330607e+02 1.2606631290986759e+02 1.3636977747240675e+02 5.00000000e+01 1.0159126586640033e+00 
7.50000000e+01 2.5805397099536776e+02 2.4743393018775157e+02 2.6190208432115412e+02 2.5422343046787111e+02 2.6188451152286439e+02 2.4676422753113317e+02 2.6348361342382367e+02 5.00000000e+01 1.0054727226923879e+00 
1.25000000e+02 2.0705023489331722e+02 1.9868702382841255e+02 2.0994900670200175e+02 2.0371252505906764e+02 2.1038794472756680e+02 1.9804559129938247e+02 2.1147100235343888e+02 5.00000000e+01 9.9780661051944897e-01 
1.75000000e+02 1.1682966474640385e+02 1.1194346898962503e+02 1.1858760409524403e+02 1.1450522716964953e+02 1.1915410232315817e+02 1.1141875733435263e+02 1.1974400185841202e+02 5.00000000e+01 9.9209935548516337e-01 
2.25000000e+02 5.6913151118664686e+01 5.4473074202815930e+01 5.7699135564422974e+01 5.5677206487506616e+01 5.8149095749822770e+01 5.4177911734891040e+01 5.8377845858281937e+01 5.00000000e+01 9.8738651246174114e-01 
2.75000000e+02 2.6822504059353136e+01 2.5638155073108930e+01 2.7173008430161001e+01 2.6173541287905842e+01 2.7471466830800431e+01 2.5472009631396386e+01 2.7560071678409159e+01 5.00000000e+01 9.8304998369444352e-01 
3.25000000e+02 1.2768042063757003e+01 1.2208027188936764e+01 1.2908467675920326e+01 1.2407042460264419e+01 1.3129041667249586e+01 1.2101755808652090e+01 1.3155392120260480e+01 5.00000000e+01 9.7848700288433543e-01 
3.75000000e+02 6.2765923076824022e+00 5.9997614309407270e+00 6.3357599368163386e+00 6.0828867683418641e+00 6.4702978470229384e+00 5.9387207784160649e+00 6.4791327834114254e+00 5.00000000e+01 9.7389420182384701e-01 
4.25000000e+02 3.2094552368895166e+00 3.0740141544052841e+00 3.2272129638629483e+00 3.1016989435360109e+00 3.3172115302430223e+00 3.0363780703371739e+00 3.3186649233854943e+00 5.00000000e+01 9.6962511038971544e-01 
4.75000000e+02 1.7085887675332725e+00 1.6361798858223999e+00 1.7187963928503396e+00 1.6472887289679581e+00 1.7698888060985873e+00 1.6137165330348262e+00 1.7707328770105408e+00 5.00000000e+01 9.6497264501625990e-01 
5.25000000e+02 9.4004326757549517e-01 9.0202430043495785e-01 9.4420573811625541e-01 9.0125614245707819e-01 9.7883039269391214e-01 8.8573044277890600e-01 9.7905310269376289e-01 5.00000000e+01 9.6100519335556345e-01 
5.75000000e+02 5.3297657287015754e-01 5.1244047454154540e-01 5.3483794318836853e-01 5.1001225502324388e-01 5.5594089071707120e-01 5.0216924859919065e-01 5.5601620380547412e-01 5.00000000e+01 9.5546935752197648e-01 
6.25000000e+02 3.1079379221463177e-01 2.9959594303984111e-01 3.1161516681549423e-01 2.9621814932391760e-01 3.2536943510534594e-01 2.9241333542436165e-01 3.2539256003635453e-01 5.00000000e+01 9.5057534114463649e-01 
6.75000000e+02 1.8782112809712895e-01 1.8112959622817973e-01 1.8792389070273582e-01 1.7818401157625713e-01 1.9745824461800082e-01 1.7608866827022038e-01 1.9745879249209378e-01 5.00000000e+01 9.4779311215162665e-01 
7.50000000e+02 1.8755843181765569e-01 1.8144730806253187e-01 1.8758192192618134e-01 1.7749468897221746e-01 1.9762217466309392e-01 1.7578453044175024e-01 1.9762220207756862e-01 1.00000000e+02 9.4119481363828428e-01 
8.50000000e+02 7.6128580245334129e-02 7.3614199192495691e-02 7.6128580245334129e-02 7.1684718767157152e-02 8.0572441723511107e-02 7.1022699624315053e-02 8.0572441723511107e-02 1.00000000e+02 9.3392278309682486e-01 
9.50000000e+02 3.2923969499736819e-02 3.1557769941895165e-02 3.2944180759433797e-02 3.0745886077613391e-02 3.5102052921860250e-02 3.0352870780205491e-02 3.5102146693802412e-02 1.00000000e+02 9.2579280431169531e-01 
1.05000000e+03 1.5055984144424739e-02 1.4357424492225029e-02 1.5094318550567743e-02 1.3923841212984430e-02 1.6188127075865054e-02 1.3725670946380145e-02 1.6188775892233932e-02 1.00000000e+02 9.1904034924209399e-01 
1.15000000e+03 7.1292360302598265e-03 6.7316679272805702e-03 7.1627258110997160e-03 6.5552548443627758e-03 7.7032172161568772e-03 6.4310134308903210e-03 7.7041933914480179e-03 1.00000000e+02 9.1062404424648768e-01 
1.30000000e+03 5.3043474296608963e-03 4.9512215619432519e-03 5.3471076461494918e-03 4.8096786594714761e-03 5.7990161998503166e-03 4.6965686289018923e-03 5.8008609021013378e-03 2.00000000e+02 9.0344974603992867e-01 
1.50000000e+03 1.4238784860875898e-03 1.3108766328904032e-03 1.4413640719890769e-03 1.2670923442446305e-03 1.5806646279305492e-03 1.2306136080057224e-03 1.5816366554111429e-03 2.00000000e+02 8.9554218114706963e-01 
1.70000000e+03 4.1213807617046440e-04 3.7206090336123354e-04 4.2027962898917657e-04 3.5853033652460210e-04 4.6574581581632681e-04 3.4520550166208688e-04 4.6636053122589739e-04 2.00000000e+02 8.8848242160984137e-01 
1.90000000e+03 1.2527245735559215e-04 1.1097684691294642e-04 1.2965948671054081e-04 1.0479546233034361e-04 1.4574945238084069e-04 1.0029903541962319e-04 1.4621412280572374e-04 2.00000000e+02 8.8621382918920533e-01 
2.10000000e+03 4.0741217952643450e-05 3.5785621343188425e-05 4.2623520744895930e-05 3.2750344844848928e-05 4.8732091060437958e-05 3.1338452892273397e-05 4.8950792657011206e-05 2.00000000e+02 8.7344379228445557e-01 
2.40000000e+03 1.9106225895172488e-05 1.6944133144115056e-05 2.0100428100697389e-05 1.4831823330927682e-05 2.3380628459417302e-05 1.4316115004452142e-05 2.3494728522116354e-05 4.00000000e+02 9.2538523839939557e-01 
2.80000000e+03 2.3596262103032025e-06 2.0636724294979699e-06 2.5510447247435148e-06 1.5585360096762862e-06 3.1607164109301185e-06 1.5056155839563259e-06 3.1832684610474249e-06 4.00000000e+02 9.6140931779411831e-01 
